# GENERATED by docs/tools/gen_navheat.py from _soak_heatbase+_soak_heat6+_soak_heat8+_soak_heat9+_soak_heat12+_soak_heat13ok+_soak_heat15ok - DO NOT EDIT (regenerate instead). bug-2865
# e1l1: 46572 alive samples, 261 respawns observed; 56 costed cells (tier 1=x2 danger, 2=x4, 3=x8, 4=x16 stuck/jump)
# cost minx miny minz  maxx maxy maxz  tier   (read by game.dll with cm_variant mp: navlinks/<map>_mp_heat.txt)
cost -5504 896 216  -5376 1024 334  2
cost -4992 -2176 214  -4864 -2048 318  3
cost -4736 -128 215  -4608 0 333  4
cost -4608 0 352  -4480 128 475  4
cost -4608 3072 121  -4480 3200 262  4
cost -4608 3072 160  -4480 3200 292  4
cost -4480 -2944 214  -4352 -2816 326  2
cost -4480 -512 256  -4352 -384 374  4
cost -4480 512 315  -4352 640 451  4
cost -4352 -1664 266  -4224 -1536 398  3
cost -4352 -128 277  -4224 0 447  3
cost -4352 0 292  -4224 128 455  2
cost -4224 -2432 256  -4096 -2304 416  3
cost -4096 -2688 257  -3968 -2560 437  2
cost -3968 -2688 283  -3840 -2560 442  2
cost -3840 -2944 291  -3712 -2816 454  2
cost -3840 4224 132  -3712 4352 263  4
cost -3712 4224 85  -3584 4352 260  2
cost -3712 4352 84  -3584 4480 189  4
cost -3584 -3328 302  -3456 -3200 449  3
cost -3456 -3456 266  -3328 -3328 438  2
cost -3328 -4096 218  -3200 -3968 344  2
cost -3328 -3840 228  -3200 -3712 358  4
cost -3328 -3712 230  -3200 -3584 356  2
cost -3328 -3712 258  -3200 -3584 437  2
cost -3200 -4096 225  -3072 -3968 356  2
cost -3200 2304 182  -3072 2432 314  3
cost -3072 -4096 210  -2944 -3968 359  4
cost -3072 -4096 256  -2944 -3968 417  4
cost -3072 -3840 217  -2944 -3712 335  3
cost -3072 896 -16  -2944 1024 160  2
cost -2944 -256 257  -2816 -128 415  3
cost -2944 896 -16  -2816 1024 167  3
cost -2944 2304 160  -2816 2432 331  4
cost -2816 896 -16  -2688 1024 166  2
cost -2816 1024 299  -2688 1152 454  2
cost -2688 640 -16  -2560 768 142  4
cost -2688 896 15  -2560 1024 164  3
cost -2560 -3968 279  -2432 -3840 432  3
cost -2560 640 -16  -2432 768 166  4
cost -2560 640 69  -2432 768 254  4
cost -2176 -4992 227  -2048 -4864 359  3
cost -2176 -4992 259  -2048 -4864 396  3
cost -2048 -1152 160  -1920 -1024 322  3
cost -1920 2816 160  -1792 2944 311  4
cost -1664 -5120 253  -1536 -4992 359  3
cost -1664 -4608 257  -1536 -4480 395  2
cost -1664 2688 136  -1536 2816 262  3
cost -1664 2688 160  -1536 2816 318  3
cost -1536 -5504 219  -1408 -5376 347  3
cost -1536 2688 131  -1408 2816 260  2
cost -1280 3072 181  -1152 3200 290  3
cost -1152 3072 182  -1024 3200 337  3
cost -1152 3200 182  -1024 3328 334  3
cost -256 2560 144  -128 2688 263  4
cost -256 2560 160  -128 2688 327  4
