# GENERATED by docs/tools/gen_navheat.py from _soak_heatbase+_soak_heat6+_soak_heat8+_soak_heat9+_soak_heat12+_soak_heat13ok+_soak_heat15ok - DO NOT EDIT (regenerate instead). bug-2865
# e3l1: 46424 alive samples, 439 respawns observed; 36 costed cells (tier 1=x2 danger, 2=x4, 3=x8, 4=x16 stuck/jump)
# cost minx miny minz  maxx maxy maxz  tier   (read by game.dll with cm_variant mp: navlinks/<map>_mp_heat.txt)
cost -1920 -6144 59  -1792 -6016 163  3
cost -1920 -6144 64  -1792 -6016 171  3
cost -1920 -6016 -14  -1792 -5888 167  2
cost -640 -7296 178  -512 -7168 358  2
cost -512 -7296 206  -384 -7168 356  2
cost 0 -6528 176  128 -6400 354  3
cost 128 -5248 -28  256 -5120 79  3
cost 128 -5120 -20  256 -4992 159  3
cost 2048 -5632 64  2176 -5504 223  1
cost 2176 -5504 65  2304 -5376 227  1
cost 2176 -3840 199  2304 -3712 359  4
cost 2176 -3840 256  2304 -3712 433  3
cost 2176 -2432 160  2304 -2304 316  3
cost 2176 -2048 162  2304 -1920 312  2
cost 2176 -1920 67  2304 -1792 250  2
cost 2176 -1792 66  2304 -1664 233  3
cost 2304 -5760 40  2432 -5632 165  1
cost 2304 -5632 48  2432 -5504 164  1
cost 2304 -3712 268  2432 -3584 438  2
cost 2304 -2432 97  2432 -2304 263  2
cost 2304 -2432 160  2432 -2304 329  2
cost 2432 -5376 37  2560 -5248 167  1
cost 2688 -2176 92  2816 -2048 233  3
cost 3200 -1664 -32  3328 -1536 93  3
cost 3328 -3584 54  3456 -3456 160  2
cost 3328 -3456 56  3456 -3328 166  2
cost 3584 -4352 72  3712 -4224 211  3
cost 3712 -4096 47  3840 -3968 166  3
cost 4352 -3328 112  4480 -3200 249  2
cost 4480 -3456 -32  4608 -3328 152  4
cost 4480 -3456 161  4608 -3328 333  3
cost 4608 -3456 163  4736 -3328 336  3
cost 4608 -3328 167  4736 -3200 358  3
cost 4608 -3328 256  4736 -3200 388  3
cost 5376 -3072 -32  5504 -2944 102  3
cost 5376 -1280 -32  5504 -1152 96  2
