# GENERATED by docs/tools/gen_navheat.py from _soak_heatbase+_soak_heat6+_soak_heat8+_soak_heat9+_soak_heat12+_soak_heat13ok+_soak_heat15ok+_soak_lift3a+_soak_lift3b+_soak_lift5a+_soak_lift5b - DO NOT EDIT (regenerate instead). bug-2865
# m4l2: 104733 alive samples, 516 respawns observed; 48 costed cells (tier 1=x2 danger, 2=x4, 3=x8, 4=x16 stuck/jump)
# cost minx miny minz  maxx maxy maxz  tier   (read by game.dll with cm_variant mp: navlinks/<map>_mp_heat.txt)
cost -5376 3072 160  -5248 3200 351  3
cost -5120 2176 288  -4992 2304 392  2
cost -5120 2304 288  -4992 2432 416  2
cost -4992 3200 -5  -4864 3328 167  3
cost -4992 3328 -32  -4864 3456 163  4
cost -4864 1152 208  -4736 1280 312  3
cost -4864 1280 256  -4736 1408 411  4
cost -4864 1408 208  -4736 1536 359  3
cost -4864 1408 256  -4736 1536 415  4
cost -4864 1536 176  -4736 1664 359  2
cost -4864 3328 -32  -4736 3456 139  4
cost -4736 2048 -27  -4608 2176 165  4
cost -4736 2176 260  -4608 2304 442  1
cost -4608 1920 272  -4480 2048 400  2
cost -4608 2944 191  -4480 3072 359  3
cost -4608 3072 147  -4480 3200 263  4
cost -4608 3072 160  -4480 3200 349  3
cost -4480 2944 199  -4352 3072 353  3
cost -4224 3456 293  -4096 3584 433  3
cost -3968 1152 -32  -3840 1280 72  3
cost -3712 128 -32  -3584 256 117  2
cost -3712 3584 -32  -3584 3712 163  3
cost -3584 -768 -32  -3456 -640 101  3
cost -3456 -896 -32  -3328 -768 152  2
cost -3456 -768 -32  -3328 -640 131  2
cost -3200 4352 4  -3072 4480 167  3
cost -2816 4096 -32  -2688 4224 159  2
cost -1024 768 -32  -896 896 126  3
cost 0 896 -25  128 1024 127  4
cost 2304 1536 77  2432 1664 235  2
cost 2432 1664 78  2560 1792 260  3
cost 3968 3456 223  4096 3584 331  3
cost 4096 2432 160  4224 2560 355  3
cost 4096 2560 201  4224 2688 358  4
cost 4096 3456 223  4224 3584 334  2
cost 4352 2432 173  4480 2560 350  3
cost 5376 3456 222  5504 3584 332  4
cost 5504 2560 258  5632 2688 451  2
cost 5504 3584 220  5632 3712 326  3
cost 5632 3712 212  5760 3840 346  3
cost 5760 256 162  5888 384 316  2
cost 6144 -512 277  6272 -384 437  3
cost 6144 512 135  6272 640 258  3
cost 6272 3328 95  6400 3456 263  2
cost 6272 3456 115  6400 3584 263  4
cost 6272 3712 91  6400 3840 263  2
cost 6272 3968 84  6400 4096 248  2
cost 6400 3840 68  6528 3968 245  2
