# GENERATED by docs/tools/gen_navheat.py from _soak_heatbase+_soak_heat6+_soak_heat8+_soak_heat9+_soak_heat12+_soak_heat13ok - DO NOT EDIT (regenerate instead). bug-2865
# t1l1: 40004 alive samples, 287 respawns observed; 29 costed cells (tier 1=x2 danger, 2=x4, 3=x8, 4=x16 stuck/jump)
# cost minx miny minz  maxx maxy maxz  tier   (read by game.dll with cm_variant mp: navlinks/<map>_mp_heat.txt)
cost -5248 4352 -7022  -5120 4480 -6841  4
cost -5120 5504 -7021  -4992 5632 -6843  2
cost -2688 2176 -6900  -2560 2304 -6752  2
cost -2688 2304 -6944  -2560 2432 -6786  3
cost -2560 1920 -6881  -2432 2048 -6752  2
cost -2432 -5632 -6589  -2304 -5504 -6482  4
cost -2432 1920 -6890  -2304 2048 -6745  2
cost -2432 1920 -6848  -2304 2048 -6716  3
cost -2304 1920 -6886  -2176 2048 -6745  3
cost -2304 4480 -7038  -2176 4608 -6862  3
cost -2176 1920 -6875  -2048 2048 -6745  3
cost -2176 1920 -6847  -2048 2048 -6698  3
cost -2048 1920 -6862  -1920 2048 -6745  3
cost -1920 -896 -6783  -1792 -768 -6657  2
cost -1920 1920 -6854  -1792 2048 -6745  2
cost -1920 1920 -6848  -1792 2048 -6695  2
cost -1792 1152 -6877  -1664 1280 -6760  3
cost -1792 1920 -6891  -1664 2048 -6745  2
cost -1792 1920 -6848  -1664 2048 -6691  2
cost -1664 1920 -6862  -1536 2048 -6745  3
cost -1664 1920 -6848  -1536 2048 -6687  2
cost -1536 -896 -6752  -1408 -768 -6599  2
cost -1536 640 -6848  -1408 768 -6679  3
cost -1536 896 -6872  -1408 1024 -6748  1
cost -1536 1920 -6850  -1408 2048 -6745  2
cost -1536 1920 -6848  -1408 2048 -6697  2
cost -1408 640 -6847  -1280 768 -6682  2
cost -1280 1920 -6848  -1152 2048 -6708  2
cost -1152 640 -6833  -1024 768 -6705  4
