# GENERATED by docs/tools/gen_navheat.py from _soak_heatbase+_soak_heat6+_soak_heat8+_soak_heat9+_soak_heat12+_soak_heat13ok+_soak_heat15ok - DO NOT EDIT (regenerate instead). bug-2865
# t2l1: 47383 alive samples, 247 respawns observed; 41 costed cells (tier 1=x2 danger, 2=x4, 3=x8, 4=x16 stuck/jump)
# cost minx miny minz  maxx maxy maxz  tier   (read by game.dll with cm_variant mp: navlinks/<map>_mp_heat.txt)
cost -4736 4608 1351  -4608 4736 1508  2
cost -4480 2304 1411  -4352 2432 1544  3
cost -4480 2432 1419  -4352 2560 1550  4
cost -3712 2176 1505  -3584 2304 1703  4
cost -3712 2176 1600  -3584 2304 1753  3
cost -3584 4608 1507  -3456 4736 1693  4
cost -3072 1920 1701  -2944 2048 1873  2
cost -2944 1792 1650  -2816 1920 1799  4
cost -2944 4096 1535  -2816 4224 1667  4
cost -2304 3456 1771  -2176 3584 1895  4
cost -2304 3456 1795  -2176 3584 1980  4
cost -2304 3584 1708  -2176 3712 1885  3
cost -2176 3584 1696  -2048 3712 1845  3
cost -1792 -4736 321  -1664 -4608 453  3
cost -1792 256 1024  -1664 384 1180  2
cost -1792 896 1122  -1664 1024 1319  2
cost -1792 1280 1373  -1664 1408 1486  4
cost -1792 1408 1382  -1664 1536 1492  4
cost -1664 256 1025  -1536 384 1196  2
cost -1408 -384 1153  -1280 -256 1303  2
cost -1408 128 1055  -1280 256 1203  3
cost -1408 5376 1739  -1280 5504 1895  3
cost -1152 4608 1744  -1024 4736 1880  3
cost -768 -3200 534  -640 -3072 644  4
cost -768 3968 1657  -640 4096 1799  3
cost -512 -3456 448  -384 -3328 598  3
cost -384 -3584 352  -256 -3456 550  2
cost -128 -1536 863  0 -1408 977  2
cost 0 -896 806  128 -768 915  3
cost 128 -4352 353  256 -4224 492  3
cost 384 -3584 328  512 -3456 437  3
cost 384 -2432 618  512 -2304 740  4
cost 512 -2432 580  640 -2304 736  3
cost 768 -4608 448  896 -4480 638  2
cost 768 -2048 643  896 -1920 819  3
cost 1024 -5248 357  1152 -5120 518  4
cost 1408 -5376 374  1536 -5248 551  2
cost 3200 1024 1047  3328 1152 1213  3
cost 3328 -5504 116  3456 -5376 262  4
cost 3968 -6528 -22  4096 -6400 137  4
cost 3968 -5504 74  4096 -5376 249  2
